#format:name ra_d dec_d i spi freq0
QZS-1_(QZSS/PRN_183) 48.50930596615018 -39.582075490026554 1500000.0 0.0 1575420000.0
GPS_BIIR-6__(PRN_14) 81.63779911205845 -55.64672203855991 1500000.0 0.0 1575420000.0
GPS_BIIRM-2_(PRN_31) 85.33856651731885 -12.774439043590101 1500000.0 0.0 1575420000.0
GPS_BIIF-12__(PRN_32) 126.38879329434974 -54.31168862805793 1500000.0 0.0 1575420000.0
GSAT0208_(PRN_E08) 107.46692523748979 -54.30327346476152 1500000.0 0.0 1575420000.0
BEIDOU_8_(C08) 43.93126427684021 -20.46021008803752 1500000.0 0.0 1575420000.0
BEIDOU-3_M1_(C19) 50.80963955050507 -56.41351143361414 1500000.0 0.0 1575420000.0
BEIDOU-3_M2_(C20) 124.88551629428807 -30.076225315944846 1500000.0 0.0 1575420000.0
BEIDOU-3_M18_(C37) 146.80278887079695 -43.289427602430706 1500000.0 0.0 1575420000.0
#format:name ra_d dec_d i spi freq0
3C98 59.72679272369434 10.434117388543594 9.382564621325459 0.0 1575420000.0
3C109 63.41806353446978 11.204095479014551 3.682459362080722 0.0 1575420000.0
4C14.11 63.6241382713521 14.273098273792648 1.9378726546820764 0.0 1575420000.0
3C132 74.17881281448803 22.823135184760734 3.38253538813944 0.0 1575420000.0
3C138 80.29118844895886 16.639466133432606 8.875774173761922 0.0 1575420000.0
3C175 108.26008933291546 11.771186597009375 2.2660234690485104 0.0 1575420000.0
3C175.1 108.51953513847783 14.606283822196449 1.7047990889743856 0.0 1575420000.0
3C181 112.0425602354857 14.626828294613166 1.78517474705158 0.0 1575420000.0
3C190 120.38559796181008 14.245228269302459 2.158518824312306 0.0 1575420000.0
3C191 121.19982293246075 10.25655048216775 1.6759131906504607 0.0 1575420000.0
J321-3712 50.407289460233905 -37.21363624021816 0.5079505084280665 0.0 1575420000.0
J536-6912 84.027210110731 -69.21399476526088 0.7465949396974224 0.0 1575420000.0
J2154-5222 328.5663730470403 -52.37103281738508 0.6086498086120523 0.0 1575420000.0
J0010-4153 2.720832031673374 -41.88639115140959 29.06770629200104 0.0 1575420000.0
J0024-4202 6.17916550514668 -42.03444636253134 0.7127140223043814 0.0 1575420000.0
J0025-2602 6.454163127755205 -26.036946334821607 43.171551280504744 0.0 1575420000.0
J0155-4048 28.904165539402687 -40.81166620771537 5.840849062901568 0.0 1575420000.0
J0203-4349 30.920832771643035 -43.83083266138084 16.473327861752434 0.0 1575420000.0
J0210-5101 32.69166774101676 -51.017221363913556 2.579100778456303 0.0 1575420000.0
J0240-2309 40.03332947762652 -23.15444282421886 8.30758037076632 0.0 1575420000.0
J0252-7104 43.19167710724668 -71.07638694837206 48.385127501743945 0.0 1575420000.0
J0303-6211 45.9625043691766 -62.19055333884803 3.9120438357866805 0.0 1575420000.0
J0323+0534 50.83332644061557 5.570002689271747 20.562239808608503 0.0 1575420000.0
J0405-1308 61.391661441224386 -13.137218579645461 12.612041853197907 0.0 1575420000.0
J0408-6545 62.08333767713748 -65.75249629896382 208.4995102638734 0.0 1575420000.0
J0409-1757 62.27916186369326 -17.952774060267803 14.225691128728885 0.0 1575420000.0
J0420-6223 65.23333579005156 -62.39416270627125 32.8380961936711 0.0 1575420000.0
J0423-0120 65.81666041264883 -1.3424959928559772 1.4477775044466634 0.0 1575420000.0
J0440-4333 70.07083102278996 -43.552495664861056 18.967066809670253 0.0 1575420000.0
J0447-2203 71.90416197506065 -22.060273308546574 19.092539334287714 0.0 1575420000.0
J0453-2807 73.31249578171055 -28.1269398753122 4.622794034232831 0.0 1575420000.0
J0503+0203 75.83749350263534 2.0513936301831768 1.2887373937539643 0.0 1575420000.0
J0521+1638 80.29165928230566 16.63944946679408 33.344654458244655 0.0 1575420000.0
J0534+1927 83.68749253663994 19.455838549664662 43.58490308766558 0.0 1575420000.0
J0538-4405 84.70832990394744 -44.08582806223709 4.4857267092242195 0.0 1575420000.0
J0609-1542 92.42082761696516 -15.711383259268299 5.701067245114859 0.0 1575420000.0
J0616-3456 94.14999512069053 -34.938049859338896 10.353419840098814 0.0 1575420000.0
J0632+1022 98.06249332284047 10.367228049893415 6.2662034238004285 0.0 1575420000.0
J0725-0054 111.46249364415822 -0.9158272639713685 5.676307906713749 0.0 1575420000.0
J0730-1141 112.57916034931851 -11.686938369805945 0.8057283123981795 0.0 1575420000.0
J0735-1735 113.94166032682827 -17.596938366492882 3.791405684650572 0.0 1575420000.0
J0739+0137 114.82499363963754 1.6180616338193194 0.7639727836959344 0.0 1575420000.0
J0745+1011 116.38749367345044 10.186950519721954 1.042307753765795 0.0 1575420000.0
J0825-5010 126.36249214963526 -50.17721627210274 1.9193257407982725 0.0 1575420000.0
J0828-3731 127.02082596629161 -37.518327397874856 3.6870860807200962 0.0 1575420000.0
J0854+2006 133.70416052694634 6.341950187098532 1.68224780753376 0.0 1575420000.0
J0906-6829 136.7166544911375 -68.49443881441125 20.318736618144563 0.0 1575420000.0
J1051-2023 162.883325284506 -20.396384846145114 15.030202749895196 0.0 1575420000.0
J1120-2508 170.0374912895774 -25.135552109568565 6.047177722482845 0.0 1575420000.0
J1154-3505 178.59165646660927 -35.091386226020674 18.498952831146863 0.0 1575420000.0
J1318-4620 199.6249872924434 -46.34305503120358 16.899914475015855 0.0 1575420000.0
J1619-8418 244.89161383024083 -84.30528171060874 15.474002641267942 0.0 1575420000.0
J1859-6615 284.9916580059702 -66.25056154907121 13.455859120866203 0.0 1575420000.0
J1939-6342 294.85416036574594 -63.71278385602699 16.05448232815243 0.0 1575420000.0
